Year   Jan  Feb  Mar  Apr  May  Jun  Jul  Aug  Sep  Oct  Nov  Dec    J-D D-N    DJF  MAM  JJA  SON  Year
1880   -67  -44  -48  -64  -37  -50  -38   11  -43  -61  -41  -39    -43 ***   ****  -50  -26  -49  1880
1881   -67  -46  -25  -14    2 -101  -41  -23  -28  -38  -45    0    -35 -39    -51  -12  -55  -37  1881
1882    22   -5   -4  -55  -36  -91  -61  -11   -1  -26  -35  -58    -30 -25      6  -32  -54  -21  1882
1883   -60  -87  -35  -19  -28   44    8   -2  -32  -53  -60  -27    -29 -32    -68  -28   17  -48  1883
1884   -50  -22  -35  -84 -108  -70  -77   22  -31  -73  -75  -90    -58 -53    -33  -76  -42  -60  1884
1885   -85  -72  -86  -81  -46  -88  -55  -12  -12    0  -32   11    -47 -55    -83  -71  -52  -15  1885
1886   -63  -71  -61  -53  -49  -67  -32  -66  -32  -80  -50  -68    -58 -51    -41  -54  -55  -54  1886
1887   -83 -117  -54  -77  -82  -64  -44  -31  -59  -43  -84  -62    -67 -67    -89  -71  -46  -62  1887
1888   -68  -74  -84  -24  -68  -46  -29  -29  -37  -21   -5   -8    -41 -46    -68  -59  -35  -21  1888
1889   -28   18    7   14   12  -27  -41  -60  -38  -22  -45  -40    -21 -18     -6   11  -43  -35  1889
1890   -62  -63  -61  -51  -89  -55  -59  -60  -35  -28  -76  -56    -58 -57    -55  -67  -58  -46  1890
1891  -100 -111  -56  -68  -47  -57  -73  -58  -52  -59  -55   -4    -62 -66    -89  -57  -63  -56  1891
1892   -67  -35  -60  -73  -67  -58  -38  -27  -51  -39  -64  -66    -54 -49    -35  -67  -41  -51  1892
1893  -146  -99  -61  -66  -74  -69  -13  -34  -26  -11  -19  -44    -55 -57   -104  -67  -39  -19  1893
1894   -80  -69  -44  -68  -67  -48  -37  -33  -46  -10  -16  -18    -45 -47    -65  -60  -40  -24  1894
1895   -69  -82  -51  -47  -38  -31  -55  -19  -14   -6  -12   -7    -36 -37    -56  -45  -35  -11  1895
1896   -24  -31  -55  -48  -45  -44  -21  -40  -11   -4  -47  -23    -33 -31    -21  -49  -35  -21  1896
1897   -28  -52  -36  -13  -28  -21  -10  -31  -19  -28   -7  -32    -25 -25    -34  -26  -21  -18  1897
1898   -21  -52  -84  -55  -69  -34  -38  -28   -7  -46  -56  -27    -43 -43    -35  -69  -33  -36  1898
1899   -49  -64  -44  -31  -47  -59  -34  -35   -6  -34   -8  -26    -36 -37    -47  -40  -43  -16  1899
1900   -55   -5  -18  -18  -19  -16  -38  -22  -11   12  -16  -10    -18 -19    -29  -18  -25   -5  1900
1901   -32  -14  -18  -17  -27    0  -32  -26   -1  -19  -14  -20    -18 -18    -19  -20  -19  -12  1901
1902   -32   -5  -21  -20  -34  -41  -46  -51  -43  -48  -50  -56    -37 -34    -19  -25  -46  -47  1902
1903   -34  -14  -17  -55  -45  -63  -30  -41  -38  -49  -48  -60    -41 -41    -35  -39  -45  -45  1903
1904   -80  -75  -54  -46  -68  -43  -59  -49  -44  -54  -26  -38    -53 -55    -72  -56  -50  -42  1904
1905   -40  -96  -24  -31  -34  -36  -42  -27  -24  -37   -9  -26    -35 -36    -58  -30  -35  -23  1905
1906   -17  -33  -31    7  -21  -21  -22  -19  -30  -20  -55  -26    -24 -24    -25  -15  -21  -35  1906
1907   -48  -67  -46  -61  -66  -65  -41  -55  -39  -32  -60  -65    -54 -51    -47  -58  -54  -44  1907
1908   -36  -31  -50  -44  -31  -42  -37  -40  -17  -40  -58  -39    -39 -41    -44  -42  -40  -39  1908
1909   -73  -58  -48  -60  -57  -41  -32  -10  -19  -18  -16  -52    -40 -39    -57  -55  -28  -18  1909
1910   -44  -36  -43  -31  -26  -37  -18  -12  -10  -34  -50  -63    -34 -33    -44  -33  -22  -31  1910
1911   -61  -60  -58  -50  -38  -41  -16  -24  -25  -16  -14  -24    -36 -39    -61  -49  -27  -18  1911
1912   -17  -11  -40  -34  -27  -23  -46  -61  -37  -51  -47  -33    -36 -35    -17  -34  -43  -45  1912
1913   -43  -50  -59  -32  -63  -58  -24  -21  -21  -32  -19    2    -35 -38    -42  -51  -34  -24  1913
1914    15   -4   -5  -19   -1  -11  -24  -13  -11   10  -34  -23    -10  -8      4   -8  -16  -12  1914
1915   -19    4  -10   -2  -20  -20    7  -16    2   -8    5  -14     -8  -8    -13  -11  -10    0  1915
1916    -9  -10  -43  -30  -37  -45  -30   -8  -14  -16  -38  -78    -30 -25    -11  -36  -28  -23  1916
1917   -47  -71  -78  -51  -78  -42    6  -34  -29  -47  -34  -89    -50 -49    -65  -69  -23  -37  1917
1918   -62  -61  -50  -52  -74  -43  -44  -44  -18    2  -27  -31    -42 -47    -71  -59  -44  -14  1918
1919   -21  -22  -11  -10  -13  -15   -5   -6  -19   -6  -41  -26    -16 -17    -25  -12   -9  -22  1919
1920    -8  -29  -21  -18  -35  -35  -17  -16  -16  -43  -33  -47    -26 -25    -21  -25  -22  -31  1920
1921     3  -16  -14  -15  -19   -7    5  -42  -11   -9  -26  -16    -14 -17    -20  -16  -15  -15  1921
1922   -32  -37  -25   -4  -30  -26    4  -21   -9  -23   -8  -11    -19 -19    -28  -20  -14  -14  1922
1923   -20  -19  -17  -43  -27  -23  -44  -33  -28   -8    0   -4    -22 -23    -17  -29  -34  -12  1923
1924   -21  -34   -9  -46  -24  -13  -10  -11   -5  -13   -5  -32    -19 -16    -20  -26  -12   -8  1924
1925   -40  -32  -20  -14  -29  -35  -32   -7  -28  -33   -1   15    -21 -25    -35  -21  -25  -20  1925
1926    24   31   21  -13  -33  -21  -13    3    6  -10    5  -24     -2   1     24   -8  -10    0  1926
1927   -13  -12  -32  -34  -27  -25   -2  -26   -4   14   12  -22    -14 -14    -16  -31  -18    7  1927
1928     7    2  -10  -10  -37  -54   -4   -4    0   -7    8   -3     -9 -11     -4  -19  -20    0  1928
1929   -24  -43  -34  -40  -34  -38  -32  -33  -17    3   -4  -59    -30 -25    -24  -36  -35   -6  1929
1930   -22  -15   -6  -17  -13  -18  -18  -18  -15  -26   10   -7    -14 -18    -32  -12  -18  -10  1930
1931   -10  -25   -4  -24  -16   -6   12   11  -15    6  -13   10     -6  -7    -14  -14    6   -7  1931
1932    36  -27  -21    7  -18  -42  -20  -19    1    7  -11  -18    -10  -8      6  -10  -27   -1  1932
1933   -32  -26  -25  -21  -14  -27  -14  -21  -13  -11  -39  -55    -25 -22    -25  -20  -21  -21  1933
1934   -16  -11  -36  -35   -1  -18    0    3   -9   -6    4   10    -10 -15    -28  -24   -5   -3  1934
1935   -31   21    3  -45  -34  -21  -25  -25  -41   -6  -31  -17    -21 -19      0  -25  -24  -26  1935
1936   -27  -44  -19   -4  -27  -13   21    3   -1    0    4    8     -8 -10    -29  -17    4    1  1936
1937   -11    4  -18  -16   -1   -1   -6    7   25   22   31   -3      3   4      0  -12    0   26  1937
1938     3    2   21   26   15  -11    4   -5   10   33   12   -9      8   9      1   21   -4   18  1938
1939    -2  -14  -36  -15    0   -8  -12  -27  -12  -10  -14   35    -10 -13     -8  -17  -16  -12  1939
1940   -17    6   11    0    5   14   21    7   17    5    4   20      8   9      8    5   14    9  1940
1941     3   22   -9    0    9   13   27    6  -18    8   -3    2      5   6     15    0   15   -4  1941
1942    25    0   -1    1    3    8    5    9    6    1   13    7      6   6      9    1    7    7  1942
1943   -18    6  -13    1   -9  -11    9  -16    4   28    6   19      0  -1     -2   -7   -6   13  1943
1944    33   12   12   -8   -6  -12    3    5   19   20    0  -17      5   8     21   -1   -1   13  1944
1945     4  -12   -2   11  -18  -29  -23   19    3    3   -6  -36     -7  -5     -8   -3  -11    0  1945
1946     3   -2  -14    6    4  -14    4   -9    0  -18   -7  -27     -6  -7    -12   -1   -6   -8  1946
1947    -5    9   21   15    4   -2    4    4    2   27   24  -10      8   6     -8   14    2   18  1947
1948    23  -13  -24   -9    2    9  -14  -16   -2   -1  -16  -14     -6  -6      0  -10   -7   -6  1948
1949     7  -32   -7  -26  -17  -22   -7  -12   -4    4   -5  -11    -11 -11    -13  -17  -14   -2  1949
1950   -25  -33   -8  -23  -22  -13  -12  -34  -19  -21  -39  -18    -22 -22    -23  -18  -20  -26  1950
1951   -36  -47  -16   -4    8  -11  -10   11    2    7    3   15     -7  -9    -34   -4   -3    4  1951
1952    11   13  -16   -6  -12  -10    5   10   14   -4  -22   -4     -2   0     13  -11    2   -4  1952
1953    11    7   15   10   -2    2   -2   11    8    5    3   16      7   5      5    8    4    6  1953
1954   -29   -9  -12  -14  -19  -21  -27  -18  -17    2   20  -10    -13 -11     -7  -15  -22    2  1954
1955    23   -9  -37  -16  -14  -16  -13   14  -12    3  -25  -28    -11  -9      2  -23   -5  -12  1955
1956   -23  -30  -33  -26  -29  -11  -11  -33  -11  -23  -21  -17    -22 -23    -27  -29  -18  -18  1956
1957   -12   -5   -7    5    1   11  -13   14   12   -1   13   19      3   0    -11   -1    4    8  1957
1958    39   24   18   11   12  -19    5  -12   -9    8    9   -8      7   9     27   14   -9    3  1958
1959     3    7   24   19   -1    9    9    0  -13  -11  -11    9      4   2      1   14    6  -11  1959
1960     6   25  -47  -22  -15   -2  -12    7    7   11  -10   17     -3  -3     14  -28   -2    3  1960
1961     8   24    4   14   19    9   -1    4   16   10    8  -15      8  11     17   12    4   11  1961
1962     6   15   10    5  -11    6  -12   -7    2    2    9    0      2   1      2    1   -5    4  1962
1963    -2   24  -23  -19  -15    3    8   17   23   10    7   -5      2   3      8  -19    9   13  1963
1964    -6  -16  -29  -36  -35  -15   -7  -32  -37  -32  -19  -33    -25 -22     -9  -33  -18  -29  1964
1965    -5  -18  -11  -29  -16  -16  -24   -8  -25  -11  -12  -19    -16 -17    -19  -19  -16  -16  1965
1966   -24   -5   13  -10   -7   -2   11  -12   -2  -25   -5   -6     -6  -7    -16   -1   -1  -11  1966
1967    -7  -24    4   -9   16  -11    6    5    1   15    3    1      0  -1    -12    3    0    6  1967
1968   -19  -17   34   -6  -17  -11  -11   -7  -26    7   -8  -20     -8  -6    -11    4   -9   -9  1968
1969   -16  -26  -10   12   14    6   -3   -8    2    7    8   35      2  -3    -21    5   -2    6  1969
1970     6   28   11   11   -5   14    9   -6   14   10    3  -12      7  11     23    6    5    9  1970
1971    -4  -16  -23   -7   -8  -22  -11    2    3   -3  -13   -7     -9  -9    -11  -13  -10   -4  1971
1972   -32  -32   -9   -7   -2    8    4   19    4   -6   -9   12     -4  -6    -24   -6   10   -4  1972
1973    24   32   35   35   35   29   23    7   12   20    8   -2     22  23     23   35   20   13  1973
1974    -4  -22    0   -7    2    2    0   13  -15   -7   -8   -4     -4  -4    -10   -2    5  -10  1974
1975     9   10   15    5   28    6    7  -24   -2   -4   -8  -23      2   3      5   16   -4   -5  1975
1976    -3   -8  -31  -23  -26  -18  -16  -23  -16  -39  -19   -4    -19 -21    -11  -27  -19  -25  1976
1977    12   21   29   31   29   32   28   29  -10   -2   24   13     20  18     10   30   30    4  1977
1978    12   18   27   23   19    3   19  -17   17    4   15    7     12  13     14   23    2   12  1978
1979    16  -11   23   19    5   21    3   12   27   26   29   53     19  15      4   16   12   27  1979
1980    35   44   41   44   46   21   35   31   33   21   26   16     33  36     44   44   29   27  1980
1981    59   56   67   48   31   37   49   50   26    8   20   46     41  39     44   49   46   18  1981
1982    10   25   -3    2   23    3   18    7    8    1   10   39     12  12     27    7    9    6  1982
1983    50   38   44   38   46   25   18   46   54   29   30   15     36  38     42   43   30   38  1983
1984    23   14   36   14   45    2   16   24   24   20    8    1     19  20     17   32   14   17  1984
1985    29    3   24   16   21   26    4   33   23   14    7   14     18  17     11   20   21   15  1985
1986    36   48   36   39   28   14   13   18   -1   10    9   18     22  22     32   34   15    6  1986
1987    40   52   22   37   27   52   57   22   33   33   29   55     38  35     37   28   44   31  1987
1988    65   47   55   48   61   56   43   53   52   51   12   33     48  50     56   54   51   38  1988
1989    25   43   44   39   20   16   44   48   51   41   18   34     35  35     33   34   36   37  1989
1990    49   40   84   59   50   44   61   41   27   50   49   44     50  49     41   64   49   42  1990
1991    48   60   47   70   41   68   61   55   58   31   29   31     50  51     51   52   62   39  1991
1992    48   39   52   24   25   29    6   12   -8    4    0   23     21  22     40   34   16   -1  1992
1993    38   40   33   29   27   24   38   21    9   20    6   19     25  26     34   30   28   12  1993
1994    38    6   25   51   25   55   37   23   43   40   48   42     36  34     21   34   38   44  1994
1995    55   88   50   57   37   49   63   56   43   65   50   38     54  55     62   48   56   53  1995
1996    40   59   44   47   34   34   52   76   39   31   47   51     46  45     46   42   54   39  1996
1997    48   54   66   38   42   65   32   42   47   58   66   67     52  51     51   48   46   57  1997
1998    69  116   81   81   93  101   89   83   57   64   62   78     81  80     84   85   91   61  1998
1999    65   82   45   40   48   60   61   51   60   59   53   49     56  58     75   44   57   57  1999
2000    28   77   67   73   53   66   61   57   54   31   45   44     55  55     51   64   61   43  2000
2001    56   60   67   60   71   64   69   61   67   57   81   69     65  63     53   66   65   68  2001
2002    92   87  110   78   82   62   78   65   78   61   66   50     76  77     83   90   68   68  2002
2003    87   71   69   66   84   61   61   84   78   84   61   81     74  71     69   73   68   74  2003
2004    67   88   83   72   46   61   21   56   57   80   84   64     65  66     79   67   46   74  2004
2005    94   87   91   82   73   79   77   72   94   97   87   86     85  83     81   82   76   93  2005
2006    73   89   78   64   48   74   64   79   69   81   83   89     74  74     83   63   72   78  2006
2007   121   90   88   91   91   64   76   84   80   78   66   68     83  85    100   90   75   75  2007
2008    46   43   88   63   56   50   69   39   79   72   78   73     63  63     52   69   52   76  2008
2009    73   74   65   74   78   81   83   84   89   69   81   73     77  77     73   72   83   80  2009
2010    92  102  111   98   94   85   72   81   84   93   99   69     90  90     89  101   79   92  2010
2011    69   64   75   81   63   70   89   93   77   81   72   76     76  75     67   73   84   77  2011
2012    58   54   67   76   93   68   54   82   84   91   91   67     74  74     63   79   68   88  2012
2013    95   74   83   63   66   85   63   76   98   82   83   80     79  78     79   71   74   88  2013
2014    92   59   73   86   99   74   70   80  103   99   84 ****   ****  83     77   86   75   95  2014